Camera.trap.days	species	sd
1	1	0.56	0.700937323384289
2	2	1.04	0.851854779675835
3	3	1.6	1.05409255338946
4	4	2.09	1.19844174921547
5	5	2.57	1.34280725092297
6	6	2.98	1.51744069492889
7	7	3.29	1.62862648953781
8	8	3.8	1.55049682490497
9	9	4.06	1.54932373647474
10	10	4.32	1.54318311985783
11	11	4.7	1.56023826204315
12	12	5.03	1.57925311588751
13	13	5.24	1.63373526285347
14	14	5.4	1.59544807043493
15	15	5.68	1.59468815228254
16	16	5.92	1.58069157604697
17	17	6.21	1.67751018001096
18	18	6.41	1.7061682510849
19	19	6.6	1.6575508280215
20	20	6.76	1.65217946049967
21	21	6.91	1.68831396381243
22	22	7.13	1.6856794332005
23	23	7.3	1.67271629333243
24	24	7.44	1.67766070900688
25	25	7.67	1.76986560010195
26	26	7.77	1.81939605919163
27	27	7.97	1.8392741212036
28	28	8.15	1.82781538753483
29	29	8.32	1.78591571735481
30	30	8.39	1.7746531884833
31	31	8.55	1.79997194141992
32	32	8.65	1.84978841268864
33	33	8.79	1.79390100286521
34	34	8.96	1.7917882270249
35	35	9.14	1.82031188358901
36	36	9.19	1.82405364975149
37	37	9.3	1.85047086554812
38	38	9.46	1.84456613934666
39	39	9.53	1.8004208262279
40	40	9.66	1.73624464132951
41	41	9.74	1.70335379220353
42	42	9.86	1.72339809971492
43	43	9.99	1.81739629495861
44	44	10.07	1.84913302098387
45	45	10.21	1.86024327723689
46	46	10.35	1.88226706206354
47	47	10.5	1.88829461834126
48	48	10.57	1.92408970999827
49	49	10.69	1.91588258006749
50	50	10.76	1.91284863462583
51	51	10.89	1.94310487767814
52	52	11.03	1.91988530802223
53	53	11.14	1.91759529546036
54	54	11.21	1.91904332226432
55	55	11.24	1.94946250038415
56	56	11.34	1.98590996367871
57	57	11.46	1.87713514794123
58	58	11.54	1.90385043126987
59	59	11.59	1.93372514316097
60	60	11.65	1.97650339148853
61	61	11.7	1.98733362812965
62	62	11.81	1.9524395514382
63	63	11.83	1.95946292373572
64	64	11.94	1.96340253003542
65	65	11.99	1.946221410266
66	66	12.06	1.97366500079257
67	67	12.11	2.00451510547584
68	68	12.17	2.07950557449203
69	69	12.27	2.0442330808616
70	70	12.33	2.02536940139847
71	71	12.39	2.02457128520803
72	72	12.49	2.03750193654243
73	73	12.52	2.05224685935127
74	74	12.62	1.97857207974526
75	75	12.7	2.00756146364265
76	76	12.79	1.99137027083251
77	77	12.85	1.9917760208346
78	78	12.91	2.01055296680372
79	79	13.01	2.03750193654243
80	80	13.04	2.03960780543711
81	81	13.17	2.07950557449203
82	82	13.19	2.06312012409958
83	83	13.25	2.09557012323953
84	84	13.31	2.10192312135359
85	85	13.36	2.1202248784866
86	86	13.41	2.13245720645778
87	87	13.47	2.13416177096453
88	88	13.51	2.14379536939946
89	89	13.57	2.10461253901851
90	90	13.63	2.1065314494388
91	91	13.72	2.0941476895039
92	92	13.78	2.11574186430284
93	93	13.86	2.0744720637874
94	94	13.89	2.06898696726371
95	95	13.93	2.08047682957149
96	96	13.98	2.06940190451837
97	97	14.04	2.08854499640784
98	98	14.08	2.08738394100647
99	99	14.15	2.07619990863261
100	100	14.17	2.08435732410387
101	101	14.25	2.10038476513618
102	102	14.32	2.08835153200129
103	103	14.42	2.04583834783067
104	104	14.49	2.0572365498946
105	105	14.53	2.07171914168408
106	106	14.58	2.05568932133691
107	107	14.58	2.05568932133691
108	108	14.63	2.05310801597299
109	109	14.66	2.04109299299679
110	110	14.68	2.02947970642425
111	111	14.73	2.01937584116449
112	112	14.77	2.01436758504419
113	113	14.9	2.0572610996962
114	114	14.93	2.05113912672245
115	115	14.99	2.07678364376993
116	116	15.03	2.05704014093409
117	117	15.1	2.06216518555747
118	118	15.15	2.07132905169701
119	119	15.24	2.05539447908339
120	120	15.31	2.10192312135359
121	121	15.35	2.10998109044138
122	122	15.39	2.09807511589056
123	123	15.43	2.09980759099302
124	124	15.46	2.10060116455391
125	125	15.51	2.11533601695959
126	126	15.54	2.1101965057618
127	127	15.57	2.10461253901851
128	128	15.64	2.06715536743887
129	129	15.68	2.07379026437247
130	130	15.72	2.0941476895039
131	131	15.78	2.06255700870095
132	132	15.82	2.10521238641596
133	133	15.86	2.12735905894058
134	134	15.92	2.11621923211747
135	135	15.95	2.11953396821666
136	136	16.02	2.11287539250246
137	137	16.08	2.11144069729221
138	138	16.11	2.14096645787303
139	139	16.17	2.14172119963587
140	140	16.23	2.15488638993692
141	141	16.3	2.17190508935628
142	142	16.33	2.14643232298894
143	143	16.37	2.13983384609387
144	144	16.4	2.12726409391324
145	145	16.47	2.12467466315255
146	146	16.52	2.13900760525846
147	147	16.57	2.10461253901851
148	148	16.58	2.11860445777046
149	149	16.65	2.09074439404058
150	150	16.69	2.11151245520476
151	151	16.71	2.10480450878508
152	152	16.77	2.05900338744135
153	153	16.81	2.09711201128571
154	154	16.87	2.07269404545403
155	155	16.9	2.08651272546691
156	156	16.96	2.06910901627056
157	157	17	2.04494943258218
158	158	17.04	2.01970094796035
159	159	17.06	1.99403149828723
160	160	17.12	2.00141364181834
161	161	17.13	2.00834119198764
162	162	17.15	2.01697343021216
163	163	17.17	2.01035199691874
164	164	17.24	1.93907194296653
165	165	17.29	1.95554120747721
166	166	17.34	1.93437798318172
167	167	17.38	1.93207900794178
168	168	17.4	1.91748994176441
169	169	17.43	1.91356138436089
170	170	17.47	1.95119750849874
171	171	17.51	1.92534924025998
172	172	17.56	1.94011350287565
173	173	17.58	1.96010719146178
174	174	17.59	1.95966911245318
175	175	17.63	1.97793382655291
176	176	17.64	1.96700048527979
177	177	17.68	1.94821855949366
178	178	17.72	1.96987411790805
179	179	17.78	1.97243632356156
180	180	17.8	1.97458600698726
181	181	17.82	1.97141184090607
182	182	17.87	1.98303410016677
183	183	17.9	1.97202659436654
184	184	17.94	1.97366500079257
185	185	17.97	1.99218168819711
186	186	18	2.01007563051842
187	187	18.06	2.01419207052597
188	188	18.09	2.00552267803713
189	189	18.12	2.03146958797534
190	190	18.15	2.01697343021216
191	191	18.19	1.99845900229111
192	192	18.21	1.99643621880529
193	193	18.27	2.02935527404218
194	194	18.28	2.00544712765462
195	195	18.33	1.99015252448325
196	196	18.35	1.97138622201831
197	197	18.37	1.96255347993785
198	198	18.39	1.97915909089459
199	199	18.44	1.96082852000079
200	200	18.47	1.98201509539757
201	201	18.53	1.97691219283554
202	202	18.56	1.96597316997219
203	203	18.59	1.99542405811827
204	204	18.59	1.99542405811827
205	205	18.62	2.02399744480216
206	206	18.63	2.01837518411181
207	207	18.64	2.03762587142959
208	208	18.66	2.07544567442146
209	209	18.69	2.09711201128571
210	210	18.72	2.08447847315593
211	211	18.73	2.10749024944723
212	212	18.75	2.10518839580171
213	213	18.78	2.11574186430284
214	214	18.81	2.13529739134739
215	215	18.86	2.10348436282433
216	216	18.9	2.08651272546691
217	217	18.95	2.09557012323953
218	218	18.98	2.07427728682215
219	219	19.04	2.08854499640784
220	220	19.06	2.08321817863564
221	221	19.08	2.08738394100647
222	222	19.11	2.112468994453
223	223	19.14	2.12260560289813
224	224	19.14	2.12260560289813
225	225	19.19	2.08261199633362
226	226	19.21	2.08067102618168
227	227	19.23	2.09306213259642
228	228	19.24	2.07495892620903
229	229	19.29	2.10480450878508
230	230	19.29	2.10480450878508
231	231	19.32	2.12669421469761
232	232	19.36	2.129731808411
233	233	19.37	2.12562527936672
234	234	19.42	2.12811862660165
235	235	19.45	2.11953396821665
236	236	19.48	2.12003430503977
237	237	19.52	2.12003430503977
238	238	19.56	2.15237712140026
239	239	19.6	2.14617347995464
240	240	19.62	2.1356994454305
241	241	19.65	2.13378309652839
242	242	19.66	2.10923893594085
243	243	19.68	2.11239726903398
244	244	19.69	2.10672324434958
245	245	19.71	2.07581066067932
246	246	19.78	2.08205415274183
247	247	19.86	2.08902857903869
248	248	19.89	2.08358180336485
249	249	19.92	2.07281587618526
250	250	19.94	2.09289321758231
251	251	19.98	2.08883515942075
252	252	20.01	2.10096178071863
253	253	20.02	2.11765068990248
254	254	20.06	2.14061258106698
255	255	20.08	2.14937153135468
256	256	20.08	2.14937153135468
257	257	20.1	2.15322168769582
258	258	20.14	2.16034041462699
259	259	20.17	2.14172119963587
260	260	20.2	2.1649177090293
261	261	20.22	2.1861825036794
262	262	20.25	2.1619996355787
263	263	20.26	2.16314398947271
264	264	20.29	2.16162583779577
265	265	20.29	2.16162583779577
266	266	20.33	2.17912502132986
267	267	20.34	2.17060248583548
268	268	20.35	2.15732250811982
269	269	20.37	2.16797163498534
270	270	20.39	2.1644277476385
271	271	20.41	2.16069106042161
272	272	20.42	2.1610883902106
273	273	20.43	2.1800518944801
274	274	20.45	2.18523511898663
275	275	20.49	2.18578973546789
276	276	20.51	2.19040607830575
277	277	20.53	2.19482863278041
278	278	20.56	2.20339499294827
279	279	20.58	2.20275309831157
280	280	20.58	2.20275309831157
281	281	20.6	2.20651011071485
282	282	20.65	2.24901774294486
283	283	20.67	2.23405687058546
284	284	20.69	2.23694867932624
285	285	20.7	2.25854158717746
286	286	20.71	2.23965635892219
287	287	20.73	2.22408760091991
288	288	20.77	2.2195413121552
289	289	20.77	2.2195413121552
290	290	20.78	2.22737785775385
291	291	20.79	2.23061797842135
292	292	20.84	2.27289696336209
293	293	20.85	2.26691175145591
294	294	20.89	2.24686088540965
295	295	20.89	2.24686088540965
296	296	20.91	2.24775982756705
297	297	21.01	2.23604539084049
298	298	21.02	2.2382352355588
299	299	21.03	2.23134239615728
300	300	21.04	2.21983710386072
301	301	21.05	2.2127956630617
302	302	21.06	2.2056859488718
303	303	21.06	2.2056859488718
304	304	21.06	2.2056859488718
305	305	21.1	2.19963265987388
306	306	21.11	2.21516809677498
307	307	21.11	2.21516809677498
308	308	21.15	2.24001713557659
309	309	21.17	2.23405687058546
310	310	21.19	2.23694867932624
311	311	21.24	2.22529081064008
312	312	21.25	2.22644800232808
313	313	21.27	2.21498569208959
314	314	21.28	2.21144863166772
315	315	21.32	2.23778389655408
316	316	21.33	2.229530910485
317	317	21.33	2.229530910485
318	318	21.33	2.229530910485
319	319	21.35	2.24901774294486
320	320	21.36	2.2361583218556
321	321	21.37	2.22771795178996
322	322	21.37	2.22771795178996
323	323	21.39	2.23333333333333
324	324	21.42	2.24814176913766
325	325	21.46	2.24022004691188
326	326	21.5	2.2315460962745
327	327	21.51	2.23152346384639
328	328	21.51	2.23152346384639
329	329	21.51	2.23152346384639
330	330	21.52	2.24049056677282
331	331	21.53	2.24937701813123
332	332	21.53	2.24937701813123
333	333	21.56	2.26666666666667
334	334	21.59	2.25224915642703
335	335	21.6	2.2518230549284
336	336	21.61	2.24236076896244
337	337	21.61	2.24236076896244
338	338	21.65	2.24452195085697
339	339	21.66	2.23931807801961
340	340	21.68	2.2647050335284
341	341	21.69	2.27278585783077
342	342	21.71	2.27545089326858
343	343	21.72	2.29219139997981
344	344	21.75	2.28908256511184
345	345	21.75	2.28908256511184
346	346	21.75	2.28908256511184
347	347	21.76	2.28795705264489
348	348	21.78	2.29879195327556
349	349	21.8	2.30063671467907
350	350	21.81	2.2948999229957
351	351	21.82	2.2979129749414
352	352	21.83	2.30087818105184
353	353	21.85	2.31104069434294
354	354	21.86	2.30511070309765
355	355	21.87	2.29912148351487
356	356	21.88	2.27981923791685
357	357	21.89	2.26477193535948
358	358	21.91	2.27011769374065
359	359	21.92	2.26381282018821
360	360	21.94	2.2420228961067
361	361	21.97	2.2448819455586
362	362	22	2.22020110109263
363	363	22.02	2.24274362999853
364	364	22.06	2.2420228961067
365	365	22.09	2.23875416292638
366	366	22.09	2.23875416292638
367	367	22.1	2.24508441721109
368	368	22.11	2.23785160320782
369	369	22.13	2.24127939653523
370	370	22.14	2.23389861683628
371	371	22.16	2.23706156474167
372	372	22.2	2.2518230549284
373	373	22.24	2.24787217005979
374	374	22.26	2.23660998889486
375	375	22.28	2.23416990211468
376	376	22.29	2.22154282543743
377	377	22.29	2.22154282543743
378	378	22.32	2.20137697954271
379	379	22.33	2.19758820969579
380	380	22.35	2.19905856808285
381	381	22.37	2.19114379060597
382	382	22.37	2.19114379060597
383	383	22.37	2.19114379060597
384	384	22.39	2.20144580591111
385	385	22.4	2.20651011071485
386	386	22.42	2.20733396483705
387	387	22.42	2.20733396483705
388	388	22.44	2.20797452774064
389	389	22.44	2.20797452774064
390	390	22.44	2.20797452774064
391	391	22.44	2.20797452774064
392	392	22.46	2.19006019012347
393	393	22.46	2.19006019012347
394	394	22.46	2.19006019012347
395	395	22.46	2.19006019012347
396	396	22.48	2.22238383250731
397	397	22.52	2.24049056677282
398	398	22.52	2.24049056677282
399	399	22.55	2.22190654323459
400	400	22.56	2.23073118419984
401	401	22.58	2.23913764064145
402	402	22.58	2.23913764064145
403	403	22.58	2.23913764064145
404	404	22.58	2.23913764064145
405	405	22.59	2.24326151445216
406	406	22.61	2.24236076896244
407	407	22.62	2.22828465983423
408	408	22.63	2.24127939653523
409	409	22.64	2.21801622167106
410	410	22.64	2.21801622167106
411	411	22.66	2.19374685242515
412	412	22.67	2.19758820969579
413	413	22.68	2.19218077850723
414	414	22.7	2.18118677732462
415	415	22.74	2.15846934168403
416	416	22.78	2.16295719753856
417	417	22.78	2.16295719753856
418	418	22.81	2.16815799491391
419	419	22.82	2.15734591898041
420	420	22.83	2.16983451400834
421	421	22.86	2.14626760830626
422	422	22.87	2.14925404019463
423	423	22.89	2.12676545795048
424	424	22.91	2.10864023398105
425	425	22.93	2.11418967450841
426	426	22.94	2.10252373603868
427	427	22.96	2.10300410428184
428	428	22.97	2.09595570159064
429	429	23	2.09376177819693
430	430	23.02	2.10808927800518
431	431	23.05	2.0859075005882
432	432	23.07	2.0707437789306
433	433	23.07	2.0707437789306
434	434	23.09	2.07483722131388
435	435	23.1	2.09134821914892
436	436	23.1	2.09134821914892
437	437	23.11	2.07872824368918
438	438	23.13	2.0920967202471
439	439	23.2	2.09376177819693
440	440	23.21	2.07581066067932
441	441	23.21	2.07581066067932
442	442	23.22	2.08205415274183
443	443	23.22	2.08205415274183
444	444	23.24	2.07495892620903
445	445	23.26	2.04307156363682
446	446	23.26	2.04307156363682
447	447	23.26	2.04307156363682
448	448	23.31	2.02855872605417
449	449	23.33	2.02037600260922
450	450	23.34	2.01619704023454
451	451	23.36	2.01268703252868
452	452	23.38	1.98875627344115
453	453	23.41	2.02057597548998
454	454	23.42	2.02100085216322
455	455	23.42	2.02100085216322
456	456	23.43	2.02137566918166
457	457	23.45	2.0269646910062
458	458	23.47	2.03730362504121
459	459	23.48	2.05224685935127
460	460	23.49	2.04245346620582
461	461	23.51	2.05232068693472
462	462	23.56	2.0415878154223
463	463	23.58	2.02100085216322
464	464	23.6	2.0250950844368
465	465	23.61	1.99946962664572
466	466	23.61	1.99946962664572
467	467	23.66	2.00111080264048
468	468	23.66	2.00111080264048
469	469	23.68	1.99939384753874
470	470	23.69	1.99845900229111
471	471	23.7	1.98733362812965
472	472	23.74	1.96751394178316
473	473	23.75	1.96111182647997
474	474	23.76	1.95463706621103
475	475	23.77	1.94289693109246
476	476	23.77	1.94289693109246
477	477	23.79	1.9451831208751
478	478	23.82	1.95598021100894
479	479	23.84	1.94219494699199
480	480	23.85	1.93518719894213
481	481	23.85	1.93518719894213
482	482	23.86	1.93333333333333
483	483	23.86	1.93333333333333
484	484	23.88	1.9346912681434
485	485	23.89	1.92744662832736
486	486	23.93	1.92408970999827
487	487	23.93	1.92408970999827
488	488	23.94	1.92180470738661
489	489	23.94	1.92180470738661
490	490	23.95	1.9089105253886
491	491	23.98	1.93312433562089
492	492	24	1.92799681461659
493	493	24.05	1.89296944860009
494	494	24.06	1.88465359998043
495	495	24.07	1.90297481100332
496	496	24.07	1.90297481100332
497	497	24.08	1.90522937986453
498	498	24.08	1.90522937986453
499	499	24.09	1.88612691711739
500	500	24.09	1.88612691711739
501	501	24.1	1.90427482949878
502	502	24.11	1.92219886714369
503	503	24.13	1.92093727122986
504	504	24.14	1.92810159420497
505	505	24.17	1.92303947127479
506	506	24.17	1.92303947127479
507	507	24.17	1.92303947127479
508	508	24.17	1.92303947127479
509	509	24.19	1.88933743931463
510	510	24.21	1.87107164237746
511	511	24.23	1.86328156267865
512	512	24.24	1.88626079797567
513	513	24.25	1.87150347382132
514	514	24.3	1.88293774338254
515	515	24.31	1.86782972424894
516	516	24.32	1.8796088138039
517	517	24.32	1.8796088138039
518	518	24.34	1.90278902156967
519	519	24.36	1.90438091427809
520	520	24.37	1.89446295793555
521	521	24.37	1.89446295793555
522	522	24.4	1.89630155723176
523	523	24.4	1.89630155723176
524	524	24.41	1.90212533973995
525	525	24.42	1.88658207327217
526	526	24.44	1.88197188656424
527	527	24.46	1.89320955634669
528	528	24.47	1.88269632563126
529	529	24.48	1.88283045042577
530	530	24.49	1.87753868539413
531	531	24.51	1.84497680037972
532	532	24.52	1.85036169000506
533	533	24.54	1.83908189655116
534	534	24.55	1.83883472104296
535	535	24.55	1.83883472104296
536	536	24.55	1.83883472104296
537	537	24.55	1.83883472104296
538	538	24.56	1.83853257251592
539	539	24.57	1.83817542386163
540	540	24.58	1.83225863817631
541	541	24.58	1.83225863817631
542	542	24.58	1.83225863817631
543	543	24.58	1.83225863817631
544	544	24.61	1.83619611197066
545	545	24.63	1.81272159913198
546	546	24.64	1.80638597841943
547	547	24.64	1.80638597841943
548	548	24.65	1.79435140641318
549	549	24.66	1.77650206753598
550	550	24.68	1.78591571735481
551	551	24.68	1.78591571735481
552	552	24.7	1.76096851221426
553	553	24.72	1.75855771941817
554	554	24.72	1.75855771941817
555	555	24.72	1.75855771941817
556	556	24.74	1.75591352954305
557	557	24.76	1.75878746110306
558	558	24.78	1.72081728292463
559	559	24.78	1.72081728292463
560	560	24.79	1.70735189842355
561	561	24.79	1.70735189842355
562	562	24.81	1.69785961514116
563	563	24.81	1.69785961514116
564	564	24.83	1.71773282573457
565	565	24.84	1.72163887155245
566	566	24.85	1.70782512765993
567	567	24.86	1.70572417157492
568	568	24.87	1.69762162801939
569	569	24.87	1.69762162801939
570	570	24.88	1.68343084026027
571	571	24.9	1.6966991126266
572	572	24.92	1.69777037387989
573	573	24.92	1.69777037387989
574	574	24.94	1.71635036803637
575	575	24.96	1.72866504224585
576	576	24.98	1.71729173674449
577	577	25	1.72328087371066
578	578	25.01	1.72617987756113
579	579	25.02	1.73484782321014
580	580	25.03	1.74341473823498
581	581	25.03	1.74341473823498
582	582	25.03	1.74341473823498
583	583	25.06	1.74552819709929
584	584	25.06	1.74552819709929
585	585	25.07	1.75381258572819
586	586	25.08	1.74471785800467
587	587	25.08	1.74471785800467
588	588	25.09	1.73551727217571
589	589	25.12	1.69538887407681
590	590	25.14	1.68786518682295
591	591	25.16	1.69800834015394
592	592	25.16	1.69800834015394
593	593	25.2	1.71151772684157
594	594	25.2	1.71151772684157
595	595	25.22	1.72081728292463
596	596	25.23	1.72828518970964
597	597	25.24	1.71222579460688
598	598	25.25	1.71961353421945
599	599	25.27	1.7106617539314
600	600	25.28	1.71787983023001
601	601	25.28	1.71787983023001
602	602	25.29	1.71914354998486
603	603	25.31	1.72734981220868
604	604	25.32	1.71670344179497
605	605	25.33	1.70593142306542
606	606	25.34	1.70098010962308
607	607	25.34	1.70098010962308
608	608	25.35	1.69595478308315
609	609	25.36	1.70868252159258
610	610	25.36	1.70868252159258
611	611	25.37	1.7212574684594
612	612	25.37	1.7212574684594
613	613	25.38	1.71611494517428
614	614	25.39	1.70498378202542
615	615	25.4	1.71740937155209
616	616	25.4	1.71740937155209
617	617	25.4	1.71740937155209
618	618	25.41	1.712078304638
619	619	25.41	1.712078304638
620	620	25.43	1.70711523461143
621	621	25.45	1.71961353421945
622	622	25.46	1.71987784391212
623	623	25.46	1.71987784391212
624	624	25.47	1.69643119161338
625	625	25.49	1.68472040062523
626	626	25.49	1.68472040062523
627	627	25.49	1.68472040062523
628	628	25.49	1.68472040062523
629	629	25.5	1.68475037865668
630	630	25.53	1.67244453034195
631	631	25.54	1.67223312859291
632	632	25.54	1.67223312859291
633	633	25.54	1.67223312859291
634	634	25.55	1.67196128706814
635	635	25.56	1.68965957960457
636	636	25.57	1.68328082726393
637	637	25.58	1.67078279603159
638	638	25.59	1.68831396381243
639	639	25.61	1.68711695989449
640	640	25.65	1.6598344812211
641	641	25.66	1.64666789350954
642	642	25.7	1.6298974374376
643	643	25.71	1.64098393740715
644	644	25.73	1.63209600628682
645	645	25.73	1.63209600628682
646	646	25.74	1.63682372880891
647	647	25.74	1.63682372880891
648	648	25.74	1.63682372880891
649	649	25.74	1.63682372880891
650	650	25.75	1.64147630029935
651	651	25.76	1.63990637820972
652	652	25.78	1.6488747310781
653	653	25.79	1.64712789516488
654	654	25.8	1.6575508280215
655	655	25.81	1.65569113403229
656	656	25.82	1.65376827123678
657	657	25.83	1.63333333333333
658	658	25.86	1.6515679724664
659	659	25.88	1.64089160291753
660	660	25.89	1.6446730662808
661	661	25.89	1.6446730662808
662	662	25.89	1.6446730662808
663	663	25.91	1.63975238337619
664	664	25.92	1.64335208053724
665	665	25.93	1.63456972375552
666	666	25.94	1.63805748471546
667	667	25.95	1.64147630029935
668	668	25.98	1.64519502390041
669	669	26.01	1.64835393865235
670	670	26.01	1.64835393865235
671	671	26.01	1.64835393865235
672	672	26.02	1.64519502390041
673	673	26.03	1.6296185337853
674	674	26.05	1.61041433905512
675	675	26.08	1.63719395320287
676	676	26.1	1.67271629333243
677	677	26.11	1.66299595776886
678	678	26.13	1.65544708477953
679	679	26.17	1.67606441379558
680	680	26.17	1.67606441379558
681	681	26.17	1.67606441379558
682	682	26.19	1.65569113403229
683	683	26.2	1.66969421987344
684	684	26.2	1.66969421987344
685	685	26.2	1.66969421987344
686	686	26.21	1.66542377899331
687	687	26.22	1.66108155103593
688	688	26.25	1.64761842204027
689	689	26.25	1.64761842204027
690	690	26.26	1.64911975295791
691	691	26.26	1.64911975295791
692	692	26.27	1.62589524679032
693	693	26.27	1.62589524679032
694	694	26.27	1.62589524679032
695	695	26.27	1.62589524679032
696	696	26.27	1.62589524679032
697	697	26.27	1.62589524679032
698	698	26.27	1.62589524679032
699	699	26.28	1.62729247773128
700	700	26.28	1.62729247773128
701	701	26.29	1.61617455802899
702	702	26.3	1.61745529031303
703	703	26.31	1.61242022745282
704	704	26.31	1.61242022745282
705	705	26.32	1.61357874416973
706	706	26.32	1.61357874416973
707	707	26.32	1.61357874416973
708	708	26.32	1.61357874416973
709	709	26.35	1.60412977131912
710	710	26.35	1.60412977131912
711	711	26.35	1.60412977131912
712	712	26.36	1.5987368751485
713	713	26.37	1.58690983621718
714	714	26.37	1.58690983621718
715	715	26.38	1.58770528776851
716	716	26.38	1.58770528776851
717	717	26.39	1.59478316185409
718	718	26.39	1.59478316185409
719	719	26.4	1.60176670138212
720	720	26.4	1.60176670138212
721	721	26.4	1.60176670138212
722	722	26.41	1.59604941570546
723	723	26.41	1.59604941570546
724	724	26.42	1.59658726948793
725	725	26.42	1.59658726948793
726	726	26.46	1.58541330684946
727	727	26.47	1.58563628371781
728	728	26.5	1.55375075676294
729	729	26.51	1.56020589161893
730	730	26.52	1.56010877631638
731	731	26.53	1.5469422429523
732	732	26.53	1.5469422429523
733	733	26.53	1.5469422429523
734	734	26.53	1.5469422429523
735	735	26.53	1.5469422429523
736	736	26.56	1.54606048727177
737	737	26.57	1.53250966019333
738	738	26.59	1.51820601202521
739	739	26.59	1.51820601202521
740	740	26.6	1.51090313482641
741	741	26.62	1.48242226021325
742	742	26.62	1.48242226021325
743	743	26.63	1.48157028353383
744	744	26.63	1.48157028353383
745	745	26.63	1.48157028353383
746	746	26.65	1.49325080940811
747	747	26.66	1.49895586555065
748	748	26.66	1.49895586555065
749	749	26.67	1.49784356777848
750	750	26.68	1.48989864749183
751	751	26.69	1.49541386454139
752	752	26.69	1.49541386454139
753	753	26.69	1.49541386454139
754	754	26.69	1.49541386454139
755	755	26.73	1.48293321127113
756	756	26.74	1.48813489124657
757	757	26.76	1.48473716342134
758	758	26.77	1.48293321127113
759	759	26.77	1.48293321127113
760	760	26.8	1.47709789175199
761	761	26.8	1.47709789175199
762	762	26.8	1.47709789175199
763	763	26.81	1.46814663622356
764	764	26.83	1.45681956066056
765	765	26.85	1.44512416019657
766	766	26.85	1.44512416019657
767	767	26.86	1.44962551764728
768	768	26.87	1.46787140603204
769	769	26.88	1.4790114088386
770	770	26.9	1.5008415147927
771	771	26.92	1.47490797521525
772	772	26.93	1.47884065976348
773	773	26.94	1.46211414663075
774	774	26.94	1.46211414663075
775	775	26.94	1.46211414663075
776	776	26.97	1.45959036733052
777	777	26.97	1.45959036733052
778	778	26.98	1.46321908852027
779	779	27	1.47709789175199
780	780	27	1.47709789175199
781	781	27.01	1.5008078632604
782	782	27.01	1.5008078632604
783	783	27.01	1.5008078632604
784	784	27.02	1.48378440536898
785	785	27.03	1.48701449932814
786	786	27.03	1.48701449932814
787	787	27.04	1.49016980931908
788	788	27.04	1.49016980931908
789	789	27.06	1.48269478935614
790	790	27.06	1.48269478935614
791	791	27.08	1.47490797521525
792	792	27.09	1.46401275039985
793	793	27.09	1.46401275039985
794	794	27.1	1.46680440124618
795	795	27.13	1.4540434739864
796	796	27.14	1.45657686430073
797	797	27.16	1.44753360422255
798	798	27.16	1.44753360422255
799	799	27.16	1.44753360422255
800	800	27.16	1.44753360422255
801	801	27.16	1.44753360422255
802	802	27.16	1.44753360422255
803	803	27.16	1.44753360422255
804	804	27.17	1.44288571686021
805	805	27.19	1.45432132111528
806	806	27.19	1.45432132111528
807	807	27.2	1.44948615067896
808	808	27.21	1.43755544469271
809	809	27.21	1.43755544469271
810	810	27.21	1.43755544469271
811	811	27.25	1.42400062421959
812	812	27.25	1.42400062421959
813	813	27.26	1.41863499622886
814	814	27.27	1.40601162401621
815	815	27.28	1.40762713152814
816	816	27.28	1.40762713152814
817	817	27.29	1.40198272298754
818	818	27.29	1.40198272298754
819	819	27.29	1.40198272298754
820	820	27.29	1.40198272298754
821	821	27.31	1.41203342164355
822	822	27.31	1.41203342164355
823	823	27.31	1.41203342164355
824	824	27.31	1.41203342164355
825	825	27.31	1.41203342164355
826	826	27.31	1.41203342164355
827	827	27.32	1.39898953433245
828	828	27.34	1.37965008006898
829	829	27.34	1.37965008006898
830	830	27.34	1.37965008006898
831	831	27.34	1.37965008006898
832	832	27.34	1.37965008006898
833	833	27.35	1.38078443522718
834	834	27.36	1.3891353316711
835	835	27.36	1.3891353316711
836	836	27.36	1.3891353316711
837	837	27.38	1.39102462054038
838	838	27.41	1.40054102100408
839	839	27.42	1.40834454003072
840	840	27.43	1.3944695961352
841	841	27.44	1.40934829842116
842	842	27.45	1.40974243653716
843	843	27.45	1.40974243653716
844	844	27.45	1.40974243653716
845	845	27.46	1.41721023439885
846	846	27.48	1.43181738015049
847	847	27.48	1.43181738015049
848	848	27.48	1.43181738015049
849	849	27.48	1.43181738015049
850	850	27.48	1.43181738015049
851	851	27.48	1.43181738015049
852	852	27.48	1.43181738015049
853	853	27.49	1.42485157830632
854	854	27.5	1.42488702369803
855	855	27.5	1.42488702369803
856	856	27.51	1.41774468787578
857	857	27.51	1.41774468787578
858	858	27.51	1.41774468787578
859	859	27.52	1.41763781329963
860	860	27.53	1.41031553171264
861	861	27.53	1.41031553171264
862	862	27.53	1.41031553171264
863	863	27.53	1.41031553171264
864	864	27.53	1.41031553171264
865	865	27.53	1.41031553171264
866	866	27.53	1.41031553171264
867	867	27.54	1.41721023439885
868	868	27.54	1.41721023439885
869	869	27.54	1.41721023439885
870	870	27.54	1.41721023439885
871	871	27.56	1.39494035207911
872	872	27.56	1.39494035207911
873	873	27.57	1.40888235667479
874	874	27.58	1.41549862721105
875	875	27.58	1.41549862721105
876	876	27.61	1.4205917105491
877	877	27.61	1.4205917105491
878	878	27.62	1.41264134002781
879	879	27.62	1.41264134002781
880	880	27.62	1.41264134002781
881	881	27.62	1.41264134002781
882	882	27.63	1.41174725182318
883	883	27.63	1.41174725182318
884	884	27.64	1.4179227942681
885	885	27.64	1.4179227942681
886	886	27.64	1.4179227942681
887	887	27.64	1.4179227942681
888	888	27.64	1.4179227942681
889	889	27.64	1.4179227942681
890	890	27.65	1.42400062421959
891	891	27.65	1.42400062421959
892	892	27.66	1.4086314011275
893	893	27.66	1.4086314011275
894	894	27.66	1.4086314011275
895	895	27.67	1.42172892328782
896	896	27.67	1.42172892328782
897	897	27.67	1.42172892328782
898	898	27.67	1.42172892328782
899	899	27.67	1.42172892328782
900	900	27.67	1.42172892328782
901	901	27.67	1.42172892328782
902	902	27.68	1.43463647596937
903	903	27.68	1.43463647596937
904	904	27.68	1.43463647596937
905	905	27.68	1.43463647596937
906	906	27.69	1.44735914162605
907	907	27.7	1.45296631451356
908	908	27.7	1.45296631451356
909	909	27.71	1.45154045653909
910	910	27.71	1.45154045653909
911	911	27.71	1.45154045653909
912	912	27.71	1.45154045653909
913	913	27.72	1.42899272287167
914	914	27.72	1.42899272287167
915	915	27.72	1.42899272287167
916	916	27.72	1.42899272287167
917	917	27.73	1.42740139676082
918	918	27.73	1.42740139676082
919	919	27.74	1.41863499622886
920	920	27.75	1.42400062421959
921	921	27.76	1.41507040193209
922	922	27.78	1.43955660962785
923	923	27.78	1.43955660962785
924	924	27.78	1.43955660962785
925	925	27.78	1.43955660962785
926	926	27.78	1.43955660962785
927	927	27.79	1.43755544469271
928	928	27.8	1.4213381090374
929	929	27.8	1.4213381090374
930	930	27.8	1.4213381090374
931	931	27.81	1.41203342164355
932	932	27.83	1.37844151493671
933	933	27.84	1.38330595080602
934	934	27.85	1.38808057286588
935	935	27.85	1.38808057286588
936	936	27.85	1.38808057286588
937	937	27.85	1.38808057286588
938	938	27.86	1.40719651086905
939	939	27.87	1.41174725182318
940	940	27.89	1.39909783341793
941	941	27.89	1.39909783341793
942	942	27.9	1.39624315557676
943	943	27.9	1.39624315557676
944	944	27.92	1.39029827480627
945	945	27.92	1.39029827480627
946	946	27.92	1.39029827480627
947	947	27.92	1.39029827480627
948	948	27.93	1.37990630629091
949	949	27.93	1.37990630629091
950	950	27.94	1.36196530607409
951	951	27.94	1.36196530607409
952	952	27.94	1.36196530607409
953	953	27.96	1.36270675384314
954	954	27.97	1.35925558949587
955	955	27.98	1.35572113577232
956	956	28	1.32573593055923
957	957	28.01	1.32950207129427
958	958	28.05	1.35120597088585
959	959	28.05	1.35120597088585
960	960	28.05	1.35120597088585
961	961	28.05	1.35120597088585
962	962	28.05	1.35120597088585
963	963	28.05	1.35120597088585
964	964	28.06	1.34705065032665
965	965	28.07	1.35030860670194
966	966	28.08	1.35348409370749
967	967	28.09	1.33405283617141
968	968	28.1	1.33711584684304
969	969	28.1	1.33711584684304
970	970	28.1	1.33711584684304
971	971	28.11	1.34009648378711
972	972	28.11	1.34009648378711
973	973	28.12	1.33545286080578
974	974	28.13	1.33071713027528
975	975	28.13	1.33071713027528
976	976	28.13	1.33071713027528
977	977	28.14	1.34103834336824
978	978	28.14	1.34103834336824
979	979	28.14	1.34103834336824
980	980	28.14	1.34103834336824
981	981	28.15	1.34370962471642
982	982	28.15	1.34370962471642
983	983	28.16	1.33877676717339
984	984	28.17	1.34130194553311
985	985	28.17	1.34130194553311
986	986	28.17	1.34130194553311
987	987	28.17	1.34130194553311
988	988	28.18	1.328628061292
989	989	28.18	1.328628061292
990	990	28.18	1.328628061292
991	991	28.18	1.328628061292
992	992	28.2	1.31809473763222
993	993	28.21	1.3279816841867
994	994	28.21	1.3279816841867
995	995	28.22	1.3377200564748
996	996	28.24	1.31901401804453
997	997	28.27	1.28593793148673
998	998	28.28	1.27983584806013
999	999	28.28	1.27983584806013
1000	1000	28.29	1.26566946392776
1001	1001	28.29	1.26566946392776
1002	1002	28.29	1.26566946392776
1003	1003	28.29	1.26566946392776
1004	1004	28.3	1.26730446462585
1005	1005	28.3	1.26730446462585
1006	1006	28.31	1.25283516856606
1007	1007	28.31	1.25283516856606
1008	1008	28.31	1.25283516856606
1009	1009	28.33	1.24766448481419
1010	1010	28.34	1.23271892968185
1011	1011	28.35	1.22577536788975
1012	1012	28.36	1.22696965954931
1013	1013	28.36	1.22696965954931
1014	1014	28.36	1.22696965954931
1015	1015	28.37	1.23627822046004
1016	1016	28.37	1.23627822046004
1017	1017	28.37	1.23627822046004
1018	1018	28.37	1.23627822046004
1019	1019	28.37	1.23627822046004
1020	1020	28.38	1.24543611281796
1021	1021	28.38	1.24543611281796
1022	1022	28.38	1.24543611281796
1023	1023	28.38	1.24543611281796
1024	1024	28.38	1.24543611281796
1025	1025	28.38	1.24543611281796
1026	1026	28.38	1.24543611281796
1027	1027	28.38	1.24543611281796
1028	1028	28.38	1.24543611281796
1029	1029	28.4	1.2552918289217
1030	1030	28.4	1.2552918289217
1031	1031	28.41	1.25605603683783
1032	1032	28.41	1.25605603683783
1033	1033	28.43	1.25734207394372
1034	1034	28.44	1.24980806607263
1035	1035	28.44	1.24980806607263
1036	1036	28.44	1.24980806607263
1037	1037	28.44	1.24980806607263
1038	1038	28.44	1.24980806607263
1039	1039	28.44	1.24980806607263
1040	1040	28.45	1.25830573921179
1041	1041	28.45	1.25830573921179
1042	1042	28.46	1.25866692347198
1043	1043	28.46	1.25866692347198
1044	1044	28.46	1.25866692347198
1045	1045	28.46	1.25866692347198
1046	1046	28.46	1.25866692347198
1047	1047	28.46	1.25866692347198
1048	1048	28.47	1.25894777292368
1049	1049	28.47	1.25894777292368
1050	1050	28.47	1.25894777292368
1051	1051	28.47	1.25894777292368
1052	1052	28.47	1.25894777292368
1053	1053	28.47	1.25894777292368
1054	1054	28.47	1.25894777292368
1055	1055	28.48	1.24300060541035
1056	1056	28.48	1.24300060541035
1057	1057	28.48	1.24300060541035
1058	1058	28.48	1.24300060541035
1059	1059	28.49	1.23497024869084
1060	1060	28.5	1.22680499878771
1061	1061	28.5	1.22680499878771
1062	1062	28.5	1.22680499878771
1063	1063	28.5	1.22680499878771
1064	1064	28.51	1.21850214392404
1065	1065	28.51	1.21850214392404
1066	1066	28.51	1.21850214392404
1067	1067	28.51	1.21850214392404
1068	1068	28.51	1.21850214392404
1069	1069	28.51	1.21850214392404
1070	1070	28.52	1.21837779216647
1071	1071	28.52	1.21837779216647
1072	1072	28.52	1.21837779216647
1073	1073	28.52	1.21837779216647
1074	1074	28.53	1.23464303923986
1075	1075	28.53	1.23464303923986
1076	1076	28.54	1.2425129310548
1077	1077	28.54	1.2425129310548
1078	1078	28.54	1.2425129310548
1079	1079	28.55	1.23398836004529
1080	1080	28.56	1.24169971483374
1081	1081	28.56	1.24169971483374
1082	1082	28.56	1.24169971483374
1083	1083	28.57	1.24117083856536
1084	1084	28.58	1.24867606655686
1085	1085	28.58	1.24867606655686
1086	1086	28.58	1.24867606655686
1087	1087	28.58	1.24867606655686
1088	1088	28.58	1.24867606655686
1089	1089	28.58	1.24867606655686
1090	1090	28.58	1.24867606655686
1091	1091	28.58	1.24867606655686
1092	1092	28.58	1.24867606655686
1093	1093	28.58	1.24867606655686
1094	1094	28.58	1.24867606655686
1095	1095	28.58	1.24867606655686
1096	1096	28.58	1.24867606655686
1097	1097	28.58	1.24867606655686
1098	1098	28.59	1.25605603683783
1099	1099	28.6	1.23909383637945
1100	1100	28.6	1.23909383637945
1101	1101	28.62	1.21256052644931
1102	1102	28.62	1.21256052644931
1103	1103	28.63	1.21151878969242
1104	1104	28.63	1.21151878969242
1105	1105	28.64	1.21870936865707
1106	1106	28.64	1.21870936865707
1107	1107	28.64	1.21870936865707
1108	1108	28.64	1.21870936865707
1109	1109	28.64	1.21870936865707
1110	1110	28.64	1.21870936865707
1111	1111	28.65	1.22577536788975
1112	1112	28.66	1.23271892968185
1113	1113	28.66	1.23271892968185
1114	1114	28.67	1.23954211161406
1115	1115	28.69	1.22840949971494
1116	1116	28.69	1.22840949971494
1117	1117	28.7	1.23501114377666
1118	1118	28.71	1.23333333333333
1119	1119	28.72	1.23157122277507
1120	1120	28.72	1.23157122277507
1121	1121	28.72	1.23157122277507
1122	1122	28.72	1.23157122277507
1123	1123	28.72	1.23157122277507
1124	1124	28.73	1.23791124173918
1125	1125	28.73	1.23791124173918
1126	1126	28.73	1.23791124173918
1127	1127	28.73	1.23791124173918
1128	1128	28.75	1.24214704963997
1129	1129	28.75	1.24214704963997
1130	1130	28.75	1.24214704963997
1131	1131	28.76	1.24007168251588
1132	1132	28.77	1.22972444971311
1133	1133	28.79	1.20851357067476
1134	1134	28.81	1.21185224288519
1135	1135	28.82	1.20084145582179
1136	1136	28.82	1.20084145582179
1137	1137	28.83	1.20650593270674
1138	1138	28.83	1.20650593270674
1139	1139	28.83	1.20650593270674
1140	1140	28.83	1.20650593270674
1141	1141	28.84	1.20369800568452
1142	1142	28.85	1.20079939703482
1143	1143	28.85	1.20079939703482
1144	1144	28.85	1.20079939703482
1145	1145	28.86	1.21455815634802
1146	1146	28.86	1.21455815634802
1147	1147	28.86	1.21455815634802
1148	1148	28.87	1.19472747410183
1149	1149	28.88	1.20838819102225
1150	1150	28.88	1.20838819102225
1151	1151	28.88	1.20838819102225
1152	1152	28.88	1.20838819102225
1153	1153	28.89	1.19675487140108
1154	1154	28.89	1.19675487140108
1155	1155	28.89	1.19675487140108
1156	1156	28.9	1.19341628287971
1157	1157	28.91	1.1814645935696
1158	1158	28.91	1.1814645935696
1159	1159	28.92	1.1779111797902
1160	1160	28.92	1.1779111797902
1161	1161	28.92	1.1779111797902
1162	1162	28.93	1.19134081156189
1163	1163	28.94	1.18764685429005
1164	1164	28.94	1.18764685429005
1165	1165	28.95	1.19235782033632
1166	1166	28.96	1.18849705617021
1167	1167	28.97	1.20147216094896
1168	1168	28.97	1.20147216094896
1169	1169	28.97	1.20147216094896
1170	1170	28.97	1.20147216094896
1171	1171	28.98	1.20587786037451
1172	1172	28.98	1.20587786037451
1173	1173	28.98	1.20587786037451
1174	1174	28.99	1.21850214392404
1175	1175	29	1.2226812728383
1176	1176	29.01	1.21850214392404
1177	1177	29.01	1.21850214392404
1178	1178	29.03	1.23464303923986
1179	1179	29.04	1.23025824668455
1180	1180	29.04	1.23025824668455
1181	1181	29.04	1.23025824668455
1182	1182	29.04	1.23025824668455
1183	1183	29.05	1.23398836004529
1184	1184	29.06	1.22119332266154
1185	1185	29.06	1.22119332266154
1186	1186	29.06	1.22119332266154
1187	1187	29.06	1.22119332266154
1188	1188	29.07	1.22478610789844
1189	1189	29.08	1.22828615097903
1190	1190	29.08	1.22828615097903
1191	1191	29.08	1.22828615097903
1192	1192	29.08	1.22828615097903
1193	1193	29.09	1.23986802816781
1194	1194	29.09	1.23986802816781
1195	1195	29.1	1.23501114377666
1196	1196	29.1	1.23501114377666
1197	1197	29.1	1.23501114377666
1198	1198	29.1	1.23501114377666
1199	1199	29.1	1.23501114377666
1200	1200	29.1	1.23501114377666
1201	1201	29.11	1.23005296757103
1202	1202	29.11	1.23005296757103
1203	1203	29.11	1.23005296757103
1204	1204	29.12	1.22499226961073
1205	1205	29.12	1.22499226961073
1206	1206	29.13	1.21151878969242
1207	1207	29.13	1.21151878969242
1208	1208	29.13	1.21151878969242
1209	1209	29.13	1.21151878969242
1210	1210	29.14	1.20621287298283
1211	1211	29.14	1.20621287298283
1212	1212	29.14	1.20621287298283
1213	1213	29.14	1.20621287298283
1214	1214	29.15	1.20918204258962
1215	1215	29.15	1.20918204258962
1216	1216	29.15	1.20918204258962
1217	1217	29.15	1.20918204258962
1218	1218	29.15	1.20918204258962
1219	1219	29.15	1.20918204258962
1220	1220	29.15	1.20918204258962
1221	1221	29.16	1.22036589975832
1222	1222	29.16	1.22036589975832
1223	1223	29.18	1.22581656973067
1224	1224	29.19	1.21185224288519
1225	1225	29.19	1.21185224288519
1226	1226	29.19	1.21185224288519
1227	1227	29.2	1.21439181269781
1228	1228	29.21	1.21684307562934
1229	1229	29.21	1.21684307562934
1230	1230	29.22	1.2192065643133
1231	1231	29.22	1.2192065643133
1232	1232	29.23	1.22972444971311
1233	1233	29.23	1.22972444971311
1234	1234	29.23	1.22972444971311
1235	1235	29.24	1.22367223445404
1236	1236	29.24	1.22367223445404
1237	1237	29.25	1.22577536788975
1238	1238	29.25	1.22577536788975
1239	1239	29.26	1.22779263211454
1240	1240	29.26	1.22779263211454
1241	1241	29.26	1.22779263211454
1242	1242	29.26	1.22779263211454
1243	1243	29.26	1.22779263211454
1244	1244	29.26	1.22779263211454
1245	1245	29.27	1.23791124173918
1246	1246	29.28	1.23157122277507
1247	1247	29.29	1.23333333333333
1248	1248	29.29	1.23333333333333
1249	1249	29.29	1.23333333333333
1250	1250	29.29	1.23333333333333
1251	1251	29.29	1.23333333333333
1252	1252	29.32	1.23811521795401
1253	1253	29.33	1.23954211161406
1254	1254	29.33	1.23954211161406
1255	1255	29.33	1.23954211161406
1256	1256	29.33	1.23954211161406
1257	1257	29.33	1.23954211161406
1258	1258	29.33	1.23954211161406
1259	1259	29.33	1.23954211161406
1260	1260	29.34	1.24088596567049
1261	1261	29.34	1.24088596567049
1262	1262	29.34	1.24088596567049
1263	1263	29.35	1.24214704963997
1264	1264	29.35	1.24214704963997
1265	1265	29.35	1.24214704963997
1266	1266	29.36	1.24332561537941
1267	1267	29.38	1.22910824206295
1268	1268	29.39	1.23823758755431
1269	1269	29.39	1.23823758755431
1270	1270	29.4	1.20604537831105
1271	1271	29.4	1.20604537831105
1272	1272	29.42	1.19070473996612
1273	1273	29.42	1.19070473996612
1274	1274	29.43	1.18283173321099
1275	1275	29.43	1.18283173321099
1276	1276	29.45	1.19235782033632
1277	1277	29.46	1.18423994292721
1278	1278	29.46	1.18423994292721
1279	1279	29.46	1.18423994292721
1280	1280	29.47	1.1759801413839
1281	1281	29.47	1.1759801413839
1282	1282	29.48	1.16757540366022
1283	1283	29.48	1.16757540366022
1284	1284	29.48	1.16757540366022
1285	1285	29.48	1.16757540366022
1286	1286	29.48	1.16757540366022
1287	1287	29.49	1.17632366878227
1288	1288	29.49	1.17632366878227
1289	1289	29.5	1.15031835733953
1290	1290	29.5	1.15031835733953
1291	1291	29.5	1.15031835733953
1292	1292	29.5	1.15031835733953
1293	1293	29.53	1.15867391984339
1294	1294	29.53	1.15867391984339
1295	1295	29.53	1.15867391984339
1296	1296	29.53	1.15867391984339
1297	1297	29.53	1.15867391984339
1298	1298	29.53	1.15867391984339
1299	1299	29.53	1.15867391984339
1300	1300	29.55	1.14922020113948
1301	1301	29.55	1.14922020113948
1302	1302	29.56	1.13990961895842
1303	1303	29.56	1.13990961895842
1304	1304	29.57	1.14816498304156
1305	1305	29.57	1.14816498304156
1306	1306	29.58	1.13866836988021
1307	1307	29.58	1.13866836988021
1308	1308	29.58	1.13866836988021
1309	1309	29.58	1.13866836988021
1310	1310	29.58	1.13866836988021
1311	1311	29.58	1.13866836988021
1312	1312	29.58	1.13866836988021
1313	1313	29.58	1.13866836988021
1314	1314	29.58	1.13866836988021
1315	1315	29.58	1.13866836988021
1316	1316	29.58	1.13866836988021
1317	1317	29.58	1.13866836988021
1318	1318	29.58	1.13866836988021
1319	1319	29.59	1.13791409379113
1320	1320	29.6	1.14591941825388
1321	1321	29.62	1.13511446492627
1322	1322	29.62	1.13511446492627
1323	1323	29.63	1.134001585519
1324	1324	29.63	1.134001585519
1325	1325	29.63	1.134001585519
1326	1326	29.64	1.13279844775332
1327	1327	29.64	1.13279844775332
1328	1328	29.65	1.12254220860554
1329	1329	29.65	1.12254220860554
1330	1330	29.66	1.13012022244172
1331	1331	29.66	1.13012022244172
1332	1332	29.66	1.13012022244172
1333	1333	29.66	1.13012022244172
1334	1334	29.66	1.13012022244172
1335	1335	29.66	1.13012022244172
1336	1336	29.67	1.13755896728056
1337	1337	29.67	1.13755896728056
1338	1338	29.67	1.13755896728056
1339	1339	29.67	1.13755896728056
1340	1340	29.67	1.13755896728056
1341	1341	29.68	1.10900811083553
1342	1342	29.68	1.10900811083553
1343	1343	29.7	1.10554159678513
1344	1344	29.7	1.10554159678513
1345	1345	29.71	1.08520816789995
1346	1346	29.72	1.07383951926315
1347	1347	29.72	1.07383951926315
1348	1348	29.72	1.07383951926315
1349	1349	29.72	1.07383951926315
1350	1350	29.74	1.07890704142683
1351	1351	29.74	1.07890704142683
1352	1352	29.74	1.07890704142683
1353	1353	29.74	1.07890704142683
1354	1354	29.74	1.07890704142683
1355	1355	29.74	1.07890704142683
1356	1356	29.74	1.07890704142683
1357	1357	29.74	1.07890704142683
1358	1358	29.74	1.07890704142683
1359	1359	29.74	1.07890704142683
1360	1360	29.74	1.07890704142683
1361	1361	29.76	1.09286020805199
1362	1362	29.76	1.09286020805199
1363	1363	29.76	1.09286020805199
1364	1364	29.76	1.09286020805199
1365	1365	29.76	1.09286020805199
1366	1366	29.76	1.09286020805199
1367	1367	29.76	1.09286020805199
1368	1368	29.76	1.09286020805199
1369	1369	29.76	1.09286020805199
1370	1370	29.76	1.09286020805199
1371	1371	29.76	1.09286020805199
1372	1372	29.77	1.09963262919573
1373	1373	29.78	1.09710362483968
1374	1374	29.78	1.09710362483968
1375	1375	29.78	1.09710362483968
1376	1376	29.78	1.09710362483968
1377	1377	29.78	1.09710362483968
1378	1378	29.78	1.09710362483968
1379	1379	29.79	1.10366698241852
1380	1380	29.79	1.10366698241852
1381	1381	29.79	1.10366698241852
1382	1382	29.79	1.10366698241852
1383	1383	29.79	1.10366698241852
1384	1384	29.79	1.10366698241852
1385	1385	29.79	1.10366698241852
1386	1386	29.79	1.10366698241852
1387	1387	29.8	1.08245885451465
1388	1388	29.8	1.08245885451465
1389	1389	29.8	1.08245885451465
1390	1390	29.8	1.08245885451465
1391	1391	29.82	1.08599905128593
1392	1392	29.83	1.08297196770197
1393	1393	29.83	1.08297196770197
1394	1394	29.83	1.08297196770197
1395	1395	29.84	1.08915684190232
1396	1396	29.84	1.08915684190232
1397	1397	29.84	1.08915684190232
1398	1398	29.84	1.08915684190232
1399	1399	29.84	1.08915684190232
1400	1400	29.85	1.08595254467814
1401	1401	29.85	1.08595254467814
1402	1402	29.85	1.08595254467814
1403	1403	29.87	1.06983431172563
1404	1404	29.87	1.06983431172563
1405	1405	29.87	1.06983431172563
1406	1406	29.88	1.07571916277982
1407	1407	29.88	1.07571916277982
1408	1408	29.88	1.07571916277982
1409	1409	29.88	1.07571916277982
1410	1410	29.88	1.07571916277982
1411	1411	29.88	1.07571916277982
1412	1412	29.88	1.07571916277982
1413	1413	29.89	1.07209791502173
1414	1414	29.89	1.07209791502173
1415	1415	29.89	1.07209791502173
1416	1416	29.89	1.07209791502173
1417	1417	29.89	1.07209791502173
1418	1418	29.89	1.07209791502173
1419	1419	29.9	1.05887304300946
1420	1420	29.9	1.05887304300946
1421	1421	29.9	1.05887304300946
1422	1422	29.9	1.05887304300946
1423	1423	29.9	1.05887304300946
1424	1424	29.91	1.05500251328151
1425	1425	29.91	1.05500251328151
1426	1426	29.91	1.05500251328151
1427	1427	29.91	1.05500251328151
1428	1428	29.92	1.06058874444739
1429	1429	29.92	1.06058874444739
1430	1430	29.93	1.0372360318937
1431	1431	29.93	1.0372360318937
1432	1432	29.93	1.0372360318937
1433	1433	29.93	1.0372360318937
1434	1434	29.93	1.0372360318937
1435	1435	29.93	1.0372360318937
1436	1436	29.93	1.0372360318937
1437	1437	29.93	1.0372360318937
1438	1438	29.94	1.0427237061047
1439	1439	29.94	1.0427237061047
1440	1440	29.95	1.01876336206147
1441	1441	29.96	1.02415276638248
1442	1442	29.96	1.02415276638248
1443	1443	29.96	1.02415276638248
1444	1444	29.96	1.02415276638248
1445	1445	29.96	1.02415276638248
1446	1446	29.96	1.02415276638248
1447	1447	29.96	1.02415276638248
1448	1448	29.96	1.02415276638248
1449	1449	29.97	1.01955625126569
1450	1450	29.97	1.01955625126569
1451	1451	29.97	1.01955625126569
1452	1452	29.97	1.01955625126569
1453	1453	29.97	1.01955625126569
1454	1454	29.98	1.02474436329311
1455	1455	29.98	1.02474436329311
1456	1456	29.98	1.02474436329311
1457	1457	29.98	1.02474436329311
1458	1458	29.99	1.02980825909732
1459	1459	29.99	1.02980825909732
1460	1460	30	0.994936676326182
1461	1461	30.01	0.989796428411908
1462	1462	30.01	0.989796428411908
1463	1463	30.02	0.994733607301448
1464	1464	30.02	0.994733607301448
1465	1465	30.02	0.994733607301448
1466	1466	30.02	0.994733607301448
1467	1467	30.02	0.994733607301448
1468	1468	30.05	0.988571053224161
1469	1469	30.07	0.966666666666668
1470	1470	30.07	0.966666666666668
1471	1471	30.07	0.966666666666668
1472	1472	30.07	0.966666666666668
1473	1473	30.07	0.966666666666668
1474	1474	30.07	0.966666666666668
1475	1475	30.08	0.960639517627857
1476	1476	30.08	0.960639517627857
1477	1477	30.08	0.960639517627857
1478	1478	30.08	0.960639517627857
1479	1479	30.08	0.960639517627857
1480	1480	30.08	0.960639517627857
1481	1481	30.08	0.960639517627857
1482	1482	30.08	0.960639517627857
1483	1483	30.08	0.960639517627857
1484	1484	30.09	0.964993327029841
1485	1485	30.09	0.964993327029841
1486	1486	30.09	0.964993327029841
1487	1487	30.09	0.964993327029841
1488	1488	30.09	0.964993327029841
1489	1489	30.1	0.958744970882205
1490	1490	30.1	0.958744970882205
1491	1491	30.1	0.958744970882205
1492	1492	30.1	0.958744970882205
1493	1493	30.1	0.958744970882205
1494	1494	30.1	0.958744970882205
1495	1495	30.1	0.958744970882205
1496	1496	30.11	0.952349566582406
1497	1497	30.11	0.952349566582406
1498	1498	30.11	0.952349566582406
1499	1499	30.11	0.952349566582406
1500	1500	30.11	0.952349566582406
1501	1501	30.13	0.939105527573548
1502	1502	30.14	0.943023292020365
1503	1503	30.14	0.943023292020365
1504	1504	30.14	0.943023292020365
1505	1505	30.14	0.943023292020365
1506	1506	30.14	0.943023292020365
1507	1507	30.15	0.936089005523847
1508	1508	30.15	0.936089005523847
1509	1509	30.15	0.936089005523847
1510	1510	30.15	0.936089005523847
1511	1511	30.15	0.936089005523847
1512	1512	30.15	0.936089005523847
1513	1513	30.15	0.936089005523847
1514	1514	30.15	0.936089005523847
1515	1515	30.15	0.936089005523847
1516	1516	30.15	0.936089005523847
1517	1517	30.17	0.92173529800912
1518	1518	30.17	0.92173529800912
1519	1519	30.17	0.92173529800912
1520	1520	30.17	0.92173529800912
1521	1521	30.17	0.92173529800912
1522	1522	30.17	0.92173529800912
1523	1523	30.17	0.92173529800912
1524	1524	30.17	0.92173529800912
1525	1525	30.17	0.92173529800912
1526	1526	30.18	0.914308260905257
1527	1527	30.18	0.914308260905257
1528	1528	30.18	0.914308260905257
1529	1529	30.19	0.917781690993687
1530	1530	30.19	0.917781690993687
1531	1531	30.19	0.917781690993687
1532	1532	30.19	0.917781690993687
1533	1533	30.2	0.921132372943676
1534	1534	30.2	0.921132372943676
1535	1535	30.2	0.921132372943676
1536	1536	30.2	0.921132372943676
1537	1537	30.21	0.902241876682968
1538	1538	30.21	0.902241876682968
1539	1539	30.21	0.902241876682968
1540	1540	30.21	0.902241876682968
1541	1541	30.21	0.902241876682968
1542	1542	30.21	0.902241876682968
1543	1543	30.21	0.902241876682968
1544	1544	30.22	0.871316199316827
1545	1545	30.22	0.871316199316827
1546	1546	30.23	0.874498413233252
1547	1547	30.23	0.874498413233252
1548	1548	30.23	0.874498413233252
1549	1549	30.23	0.874498413233252
1550	1550	30.23	0.874498413233252
1551	1551	30.24	0.865967083611722
1552	1552	30.25	0.868936421753919
1553	1553	30.26	0.860115096831802
1554	1554	30.26	0.860115096831802
1555	1555	30.28	0.85374989832438
1556	1556	30.29	0.844411216783804
1557	1557	30.29	0.844411216783804
1558	1558	30.29	0.844411216783804
1559	1559	30.29	0.844411216783804
1560	1560	30.29	0.844411216783804
1561	1561	30.3	0.834847109936722
1562	1562	30.3	0.834847109936722
1563	1563	30.3	0.834847109936722
1564	1564	30.3	0.834847109936722
1565	1565	30.3	0.834847109936722
1566	1566	30.3	0.834847109936722
1567	1567	30.3	0.834847109936722
1568	1568	30.3	0.834847109936722
1569	1569	30.3	0.834847109936722
1570	1570	30.3	0.834847109936722
1571	1571	30.31	0.825049738323133
1572	1572	30.31	0.825049738323133
1573	1573	30.31	0.825049738323133
1574	1574	30.31	0.825049738323133
1575	1575	30.31	0.825049738323133
1576	1576	30.31	0.825049738323133
1577	1577	30.32	0.815010689649176
1578	1578	30.32	0.815010689649176
1579	1579	30.32	0.815010689649176
1580	1580	30.33	0.817176711475418
1581	1581	30.33	0.817176711475418
1582	1582	30.33	0.817176711475418
1583	1583	30.33	0.817176711475418
1584	1584	30.33	0.817176711475418
1585	1585	30.33	0.817176711475418
1586	1586	30.33	0.817176711475418
1587	1587	30.33	0.817176711475418
1588	1588	30.34	0.819213715162967
1589	1589	30.34	0.819213715162967
1590	1590	30.34	0.819213715162967
1591	1591	30.35	0.79613967608604
1592	1592	30.35	0.79613967608604
1593	1593	30.36	0.797977240757952
1594	1594	30.36	0.797977240757952
1595	1595	30.36	0.797977240757952
1596	1596	30.36	0.797977240757952
1597	1597	30.37	0.774009631135757
1598	1598	30.37	0.774009631135757
1599	1599	30.37	0.774009631135757
1600	1600	30.37	0.774009631135757
1601	1601	30.38	0.775639195513069
1602	1602	30.39	0.777135376842023
1603	1603	30.4	0.778498944161522
1604	1604	30.4	0.778498944161522
1605	1605	30.4	0.778498944161522
1606	1606	30.4	0.778498944161522
1607	1607	30.41	0.779730593204986
1608	1608	30.42	0.76778574452444
1609	1609	30.42	0.76778574452444
1610	1610	30.42	0.76778574452444
1611	1611	30.42	0.76778574452444
1612	1612	30.42	0.76778574452444
1613	1613	30.42	0.76778574452444
1614	1614	30.42	0.76778574452444
1615	1615	30.43	0.755518418576331
1616	1616	30.43	0.755518418576331
1617	1617	30.43	0.755518418576331
1618	1618	30.44	0.756386946027768
1619	1619	30.44	0.756386946027768
1620	1620	30.44	0.756386946027768
1621	1621	30.44	0.756386946027768
1622	1622	30.46	0.757721198160257
1623	1623	30.46	0.757721198160257
1624	1624	30.46	0.757721198160257
1625	1625	30.46	0.757721198160257
1626	1626	30.46	0.757721198160257
1627	1627	30.46	0.757721198160257
1628	1628	30.46	0.757721198160257
1629	1629	30.46	0.757721198160257
1630	1630	30.46	0.757721198160257
1631	1631	30.47	0.758187631690524
1632	1632	30.48	0.758520622892704
1633	1633	30.48	0.758520622892704
1634	1634	30.48	0.758520622892704
1635	1635	30.48	0.758520622892704
1636	1636	30.48	0.758520622892704
1637	1637	30.48	0.758520622892704
1638	1638	30.5	0.717740562565273
1639	1639	30.5	0.717740562565273
1640	1640	30.51	0.717670192393766
1641	1641	30.51	0.717670192393766
1642	1642	30.51	0.717670192393766
1643	1643	30.51	0.717670192393766
1644	1644	30.51	0.717670192393766
1645	1645	30.51	0.717670192393766
1646	1646	30.51	0.717670192393766
1647	1647	30.51	0.717670192393766
1648	1648	30.51	0.717670192393766
1649	1649	30.51	0.717670192393766
1650	1650	30.51	0.717670192393766
1651	1651	30.51	0.717670192393766
1652	1652	30.51	0.717670192393766
1653	1653	30.51	0.717670192393766
1654	1654	30.52	0.717459040466754
1655	1655	30.52	0.717459040466754
1656	1656	30.53	0.717106982424816
1657	1657	30.53	0.717106982424816
1658	1658	30.54	0.70237691685685
1659	1659	30.55	0.672324476737388
1660	1660	30.55	0.672324476737388
1661	1661	30.56	0.656282767339712
1662	1662	30.56	0.656282767339712
1663	1663	30.56	0.656282767339712
1664	1664	30.56	0.656282767339712
1665	1665	30.56	0.656282767339712
1666	1666	30.56	0.656282767339712
1667	1667	30.57	0.639681107421439
1668	1668	30.57	0.639681107421439
1669	1669	30.58	0.638495706858525
1670	1670	30.58	0.638495706858525
1671	1671	30.58	0.638495706858525
1672	1672	30.58	0.638495706858525
1673	1673	30.58	0.638495706858525
1674	1674	30.59	0.637149586800145
1675	1675	30.59	0.637149586800145
1676	1676	30.59	0.637149586800145
1677	1677	30.59	0.637149586800145
1678	1678	30.59	0.637149586800145
1679	1679	30.59	0.637149586800145
1680	1680	30.59	0.637149586800145
1681	1681	30.6	0.635641726163728
1682	1682	30.6	0.635641726163728
1683	1683	30.6	0.635641726163728
1684	1684	30.6	0.635641726163728
1685	1685	30.6	0.635641726163728
1686	1686	30.62	0.615949624071596
1687	1687	30.62	0.615949624071596
1688	1688	30.62	0.615949624071596
1689	1689	30.62	0.615949624071596
1690	1690	30.62	0.615949624071596
1691	1691	30.62	0.615949624071596
1692	1692	30.62	0.615949624071596
1693	1693	30.62	0.615949624071596
1694	1694	30.62	0.615949624071596
1695	1695	30.62	0.615949624071596
1696	1696	30.62	0.615949624071596
1697	1697	30.63	0.61389631605727
1698	1698	30.63	0.61389631605727
1699	1699	30.64	0.594928057784631
1700	1700	30.64	0.594928057784631
1701	1701	30.64	0.594928057784631
1702	1702	30.64	0.594928057784631
1703	1703	30.66	0.589812502307969
1704	1704	30.66	0.589812502307969
1705	1705	30.68	0.583960701597377
1706	1706	30.68	0.583960701597377
1707	1707	30.69	0.580751863770344
1708	1708	30.69	0.580751863770344
1709	1709	30.69	0.580751863770344
1710	1710	30.69	0.580751863770344
1711	1711	30.69	0.580751863770344
1712	1712	30.69	0.580751863770344
1713	1713	30.7	0.577350269189626
1714	1714	30.7	0.577350269189626
1715	1715	30.7	0.577350269189626
1716	1716	30.7	0.577350269189626
1717	1717	30.7	0.577350269189626
1718	1718	30.7	0.577350269189626
1719	1719	30.7	0.577350269189626
1720	1720	30.7	0.577350269189626
1721	1721	30.7	0.577350269189626
1722	1722	30.7	0.577350269189626
1723	1723	30.7	0.577350269189626
1724	1724	30.7	0.577350269189626
1725	1725	30.71	0.573752489486468
1726	1726	30.71	0.573752489486468
1727	1727	30.71	0.573752489486468
1728	1728	30.71	0.573752489486468
1729	1729	30.71	0.573752489486468
1730	1730	30.71	0.573752489486468
1731	1731	30.71	0.573752489486468
1732	1732	30.71	0.573752489486468
1733	1733	30.71	0.573752489486468
1734	1734	30.71	0.573752489486468
1735	1735	30.71	0.573752489486468
1736	1736	30.71	0.573752489486468
1737	1737	30.71	0.573752489486468
1738	1738	30.71	0.573752489486468
1739	1739	30.71	0.573752489486468
1740	1740	30.71	0.573752489486468
1741	1741	30.71	0.573752489486468
1742	1742	30.71	0.573752489486468
1743	1743	30.71	0.573752489486468
1744	1744	30.71	0.573752489486468
1745	1745	30.71	0.573752489486468
1746	1746	30.71	0.573752489486468
1747	1747	30.71	0.573752489486468
1748	1748	30.71	0.573752489486468
1749	1749	30.71	0.573752489486468
1750	1750	30.71	0.573752489486468
1751	1751	30.71	0.573752489486468
1752	1752	30.72	0.569954809479213
1753	1753	30.72	0.569954809479213
1754	1754	30.72	0.569954809479213
1755	1755	30.72	0.569954809479213
1756	1756	30.72	0.569954809479213
1757	1757	30.73	0.547814758929522
1758	1758	30.73	0.547814758929522
1759	1759	30.73	0.547814758929522
1760	1760	30.73	0.547814758929522
1761	1761	30.73	0.547814758929522
1762	1762	30.73	0.547814758929522
1763	1763	30.73	0.547814758929522
1764	1764	30.73	0.547814758929522
1765	1765	30.74	0.543464382782843
1766	1766	30.74	0.543464382782843
1767	1767	30.74	0.543464382782843
1768	1768	30.75	0.538891492235719
1769	1769	30.75	0.538891492235719
1770	1770	30.76	0.534090371802868
1771	1771	30.76	0.534090371802868
1772	1772	30.76	0.534090371802868
1773	1773	30.76	0.534090371802868
1774	1774	30.76	0.534090371802868
1775	1775	30.76	0.534090371802868
1776	1776	30.76	0.534090371802868
1777	1777	30.76	0.534090371802868
1778	1778	30.78	0.483672817035849
1779	1779	30.78	0.483672817035849
1780	1780	30.78	0.483672817035849
1781	1781	30.78	0.483672817035849
1782	1782	30.78	0.483672817035849
1783	1783	30.78	0.483672817035849
1784	1784	30.79	0.456048021572069
1785	1785	30.79	0.456048021572069
1786	1786	30.8	0.449466574975494
1787	1787	30.8	0.449466574975494
1788	1788	30.8	0.449466574975494
1789	1789	30.81	0.44255913261234
1790	1790	30.81	0.44255913261234
1791	1791	30.81	0.44255913261234
1792	1792	30.81	0.44255913261234
1793	1793	30.81	0.44255913261234
1794	1794	30.81	0.44255913261234
1795	1795	30.81	0.44255913261234
1796	1796	30.82	0.435310176190437
1797	1797	30.82	0.435310176190437
1798	1798	30.82	0.435310176190437
1799	1799	30.82	0.435310176190437
1800	1800	30.82	0.435310176190437
1801	1801	30.82	0.435310176190437
1802	1802	30.82	0.435310176190437
1803	1803	30.83	0.427702341505506
1804	1804	30.83	0.427702341505506
1805	1805	30.83	0.427702341505506
1806	1806	30.83	0.427702341505506
1807	1807	30.83	0.427702341505506
1808	1808	30.83	0.427702341505506
1809	1809	30.84	0.41971611377408
1810	1810	30.84	0.41971611377408
1811	1811	30.84	0.41971611377408
1812	1812	30.84	0.41971611377408
1813	1813	30.84	0.41971611377408
1814	1814	30.84	0.41971611377408
1815	1815	30.86	0.402517331328978
1816	1816	30.87	0.366666666666667
1817	1817	30.87	0.366666666666667
1818	1818	30.87	0.366666666666667
1819	1819	30.88	0.356186309210063
1820	1820	30.89	0.34509550720186
1821	1821	30.89	0.34509550720186
1822	1822	30.89	0.34509550720186
1823	1823	30.89	0.34509550720186
1824	1824	30.9	0.333333333333333
1825	1825	30.9	0.333333333333333
1826	1826	30.9	0.333333333333333
1827	1827	30.9	0.333333333333333
1828	1828	30.9	0.333333333333333
1829	1829	30.9	0.333333333333333
1830	1830	30.9	0.333333333333333
1831	1831	30.91	0.320825954263823
1832	1832	30.91	0.320825954263823
1833	1833	30.93	0.293188669562103
1834	1834	30.93	0.293188669562103
1835	1835	30.94	0.277797979063415
1836	1836	30.94	0.277797979063415
1837	1837	30.94	0.277797979063415
1838	1838	30.94	0.277797979063415
1839	1839	30.94	0.277797979063415
1840	1840	30.94	0.277797979063415
1841	1841	30.94	0.277797979063415
1842	1842	30.94	0.277797979063415
1843	1843	30.94	0.277797979063415
1844	1844	30.94	0.277797979063415
1845	1845	30.95	0.21904291355759
1846	1846	30.95	0.21904291355759
1847	1847	30.95	0.21904291355759
1848	1848	30.95	0.21904291355759
1849	1849	30.96	0.196946385566932
1850	1850	30.96	0.196946385566932
1851	1851	30.98	0.14070529413629
1852	1852	30.99	0.0999999999999998
1853	1853	30.99	0.0999999999999998
1854	1854	30.99	0.0999999999999998
1855	1855	30.99	0.0999999999999998
1856	1856	30.99	0.0999999999999998
1857	1857	30.99	0.0999999999999998
1858	1858	30.99	0.0999999999999998
1859	1859	30.99	0.0999999999999998
1860	1860	30.99	0.0999999999999998
1861	1861	30.99	0.0999999999999998
1862	1862	30.99	0.0999999999999998
1863	1863	30.99	0.0999999999999998
1864	1864	30.99	0.0999999999999998
1865	1865	30.99	0.0999999999999998
1866	1866	30.99	0.0999999999999998
1867	1867	30.99	0.0999999999999998
1868	1868	30.99	0.0999999999999998
1869	1869	30.99	0.0999999999999998
1870	1870	30.99	0.0999999999999998
1871	1871	31	0
1872	1872	31	0
1873	1873	31	0
1874	1874	31	0
1875	1875	31	0
1876	1876	31	0
